000
-3
1
1
001
-3
-2
1
002
-2
-4
1
003
-5
-5
1
004
-10
0
1
005
-7
-7
1
006
-15
-2
1
007
-11
-9
1
008
-12
-9
1
009
-18
-5
1
00a
-15
-11
1
00b
-20
-9
1
00c
-21
-11
1
00d
-26
-8
1
00e
-27
-9
1
00f
-31
-12
1
010
1
-2
1
011
-1
-4
1
012
-2
-5
1
013
-3
-6
1
014
-5
-7
1
015
-6
-9
1
016
-8
-9
1
017
-9
-10
1
018
-11
-11
1
019
-13
-11
1
01a
-14
-12
1
01b
-17
-13
1
01c
-20
-13
1
01d
-21
-14
1
01e
-23
-15
1
01f
-25
-14
1
020
6
0
1
021
2
-5
1
022
0
-5
1
023
-1
-8
1
024
-3
-8
1
025
-5
-9
1
026
-6
-11
1
027
-8
-12
1
028
-9
-12
1
029
-11
-13
1
02a
-14
-14
1
02b
-15
-14
1
02c
-18
-15
1
02d
-19
-16
1
02e
-21
-16
1
02f
-36
-19
0
030
3
-5
1
031
3
-7
1
032
1
-8
1
033
0
-9
1
034
-2
-10
1
035
-4
-11
1
036
-5
-11
1
037
-7
-12
1
038
-9
-13
1
039
-10
-14
1
03a
-13
-15
1
03b
-14
-15
1
03c
-17
-16
1
03d
-17
-17
1
03e
-21
-17
1
03f
-25
-18
1
040
10
-1
1
041
4
-8
1
042
3
-9
1
043
1
-10
1
044
0
-11
1
045
-3
-12
1
046
-4
-13
1
047
-5
-15
1
048
-7
-15
1
049
-9
-16
1
04a
-10
-16
1
04b
-13
-17
1
04c
-14
-18
1
04d
-17
-19
1
04e
-18
-19
1
04f
-33
-20
0
050
10
-3
1
051
5
-8
1
052
4
-9
1
053
4
-11
1
054
1
-12
1
055
-1
-13
1
056
-2
-14
1
057
-4
-15
1
058
-5
-16
1
059
-8
-17
1
05a
-9
-17
1
05b
-11
-19
1
05c
-13
-20
1
05d
-15
-20
1
05e
-18
-20
1
05f
-30
-21
0
060
14
-3
1
061
9
-9
1
062
6
-10
1
063
5
-11
1
064
3
-13
1
065
2
-14
1
066
0
-15
1
067
-2
-17
1
068
-4
-17
1
069
-5
-18
1
06a
-7
-20
1
06b
-9
-20
1
06c
-12
-21
1
06d
-15
-21
1
06e
-16
-22
1
06f
-28
-24
0
070
10
-9
1
071
10
-10
1
072
9
-11
1
073
6
-13
1
074
5
-13
1
075
3
-15
1
076
2
-17
1
077
1
-17
1
078
-2
-19
1
079
-3
-20
1
07a
-5
-21
1
07b
-7
-21
1
07c
-11
-22
1
07d
-11
-23
1
07e
-14
-23
1
07f
-20
-24
1
080
15
-6
1
081
10
-11
1
082
10
-12
1
083
7
-14
1
084
8
-15
1
085
4
-16
1
086
3
-17
1
087
2
-18
1
088
0
-20
1
089
-1
-21
1
08a
-4
-22
1
08b
-5
-22
1
08c
-7
-24
1
08d
-11
-24
1
08e
-12
-25
1
08f
-14
-26
1
090
17
-7
1
091
13
-11
1
092
12
-13
1
093
10
-14
1
094
8
-16
1
095
7
-18
1
096
6
-18
1
097
4
-19
1
098
2
-21
1
099
1
-22
1
09a
-2
-22
1
09b
-4
-24
1
09c
-6
-24
1
09d
-7
-26
1
09e
-10
-26
1
09f
-18
-28
1
0a0
19
-6
1
0a1
16
-12
1
0a2
14
-14
1
0a3
13
-15
1
0a4
11
-17
1
0a5
8
-18
1
0a6
7
-19
1
0a7
6
-21
1
0a8
3
-21
1
0a9
2
-22
1
0aa
1
-24
1
0ab
-2
-25
1
0ac
-5
-26
1
0ad
-7
-27
1
0ae
-9
-28
1
0af
-12
-28
1
0b0
21
-8
1
0b1
18
-13
1
0b2
17
-14
1
0b3
14
-15
1
0b4
12
-17
1
0b5
10
-19
1
0b6
8
-20
1
0b7
8
-22
1
0b8
5
-22
1
0b9
4
-23
1
0ba
1
-25
1
0bb
0
-26
1
0bc
-3
-27
1
0bd
-4
-27
1
0be
-6
-29
1
0bf
-19
-26
0
0c0
22
-11
1
0c1
19
-14
1
0c2
18
-15
1
0c3
15
-17
1
0c4
15
-18
1
0c5
12
-20
1
0c6
11
-21
1
0c7
9
-22
1
0c8
8
-23
1
0c9
5
-25
1
0ca
4
-26
1
0cb
3
-27
1
0cc
-1
-28
1
0cd
-2
-29
1
0ce
-5
-30
1
0cf
-7
-30
1
0d0
24
-9
1
0d1
21
-14
1
0d2
20
-16
1
0d3
19
-17
1
0d4
16
-18
1
0d5
16
-20
1
0d6
14
-22
1
0d7
12
-23
1
0d8
9
-24
1
0d9
8
-25
1
0da
6
-27
1
0db
4
-27
1
0dc
2
-28
1
0dd
1
-30
1
0de
-4
-31
1
0df
-16
-35
1
0e3
19
-18
1
0ea
9
-28
1
0eb
6
-29
1
0ec
4
-30
1
0ed
2
-31
1
0ee
0
-33
1
0ef
-12
-37
1
0f0
29
-13
1
0f1
31
-14
1
0f2
30
-16
1
0f3
34
-18
1
0f4
21
-19
1
0f5
24
-22
1
0f6
18
-22
1
0f7
23
-26
1
0f8
16
-26
1
0f9
11
-27
1
0fa
17
-30
1
0fb
16
-31
1
0fc
13
-32
1
0fd
17
-26
0
0fe
8
-35
1
0ff
2
-34
1
1e0
28
-8
1
2e0
28
-6
1
3e0
30
-5
1
4e0
31
-3
1
5e0
32
-2
1
6e0
32
2
1
100
-2
3
1
101
-5
2
1
102
-8
2
1
103
-10
1
1
104
-12
1
1
105
-13
0
1
106
-15
1
1
107
-17
0
1
108
-19
-1
1
109
-21
-2
1
10a
-23
-3
1
10b
-23
-5
1
10c
-25
-6
1
10d
-27
-7
1
10e
-27
-8
1
10f
-31
-11
1
110
7
3
1
11f
-34
-15
1
120
7
2
1
12f
-36
-17
0
130
10
2
1
13f
-36
-17
1
140
11
1
1
14f
-32
-18
0
150
14
0
1
15f
-30
-20
0
160
15
0
1
16f
-28
-20
0
170
17
0
1
17f
-26
-21
0
180
19
-1
1
18f
-25
-21
0
190
21
-2
1
19f
-23
-22
0
1a0
21
-3
1
1af
-21
-23
0
1b0
24
-4
1
1bf
-20
-24
0
1c0
25
-5
1
1cf
-18
-24
0
1d0
27
-6
1
1df
-16
-25
0
1ef
-15
-24
0
1f0
33
-12
1
1f1
33
-14
1
1f2
35
-16
0
1f3
34
-18
0
1f4
31
-18
0
1f5
30
-19
0
1f6
28
-20
0
1f7
27
-21
0
1f8
25
-21
0
1f9
24
-22
0
1fa
22
-23
0
1fb
19
-24
0
1fc
18
-24
0
1fd
16
-25
0
1fe
15
-24
0
1ff
9
-26
0
200
5
4
1
201
-8
4
1
202
-9
4
1
203
-10
3
1
204
-12
2
1
205
-14
2
1
206
-16
1
1
207
-17
1
1
208
-20
0
1
209
-21
0
1
20a
-22
-2
1
20b
-24
-2
1
20c
-25
-4
1
20d
-27
-4
1
20e
-29
-5
1
20f
-31
-7
1
210
7
4
1
21f
-37
-13
0
220
8
3
1
22f
-35
-15
0
230
11
3
1
23f
-34
-15
0
240
12
2
1
24f
-31
-16
0
250
15
2
1
25f
-29
-17
0
260
16
1
1
26f
-28
-19
0
270
19
1
1
27f
-26
-20
0
280
20
0
1
28f
-25
-19
0
290
21
-1
1
29f
-22
-20
0
2a0
22
-2
1
2af
-21
-21
0
2b0
25
-2
1
2bf
-20
-21
0
2c0
25
-4
1
2cf
-18
-23
0
2d0
27
-5
1
2df
-16
-22
0
2ef
-14
-24
0
2f0
34
-12
1
2f1
36
-13
0
2f2
35
-15
0
2f3
34
-16
0
2f4
32
-17
0
2f5
29
-17
0
2f6
28
-18
0
2f7
27
-19
0
2f8
25
-20
0
2f9
23
-21
0
2fa
21
-21
0
2fb
20
-21
0
2fc
17
-23
0
2fd
15
-22
0
2fe
14
-24
0
2ff
12
-24
0
300
-6
6
1
301
-9
6
1
302
-9
5
1
303
-11
5
1
304
-14
5
1
305
-15
3
1
306
-17
4
1
307
-19
3
1
308
-20
2
1
309
-22
1
1
30a
-24
0
1
30b
-25
-1
1
30c
-27
-2
1
30d
-28
-3
1
30e
-30
-5
1
30f
-38
-11
0
310
8
5
1
31f
-37
-13
1
320
9
5
1
32f
-34
-12
0
330
11
5
1
33f
-32
-14
0
340
13
5
1
34f
-32
-15
0
350
15
3
1
35f
-30
-16
0
360
17
4
1
36f
-28
-16
0
370
18
2
1
37f
-26
-17
0
380
21
2
1
38f
-25
-17
0
390
22
0
1
39f
-22
-18
0
3a0
24
0
1
3af
-21
-20
0
3b0
25
0
1
3bf
-20
-20
0
3c0
27
-2
1
3cf
-17
-21
0
3d0
29
-3
1
3df
-16
-20
0
3ef
-14
-21
0
3f0
36
-12
1
3f1
36
-12
0
3f2
35
-13
0
3f3
33
-14
0
3f4
31
-14
0
3f5
30
-16
0
3f6
27
-16
0
3f7
26
-17
0
3f8
24
-19
0
3f9
23
-19
0
3fa
20
-19
0
3fb
20
-20
0
3fc
18
-20
0
3fd
15
-21
0
3fe
13
-22
0
3ff
9
-23
0
400
-7
7
1
401
-9
7
1
402
-10
7
1
403
-13
6
1
404
-15
6
1
405
-17
6
1
406
-18
5
1
407
-19
4
1
408
-21
3
1
409
-23
2
1
40a
-24
1
1
40b
-27
1
1
40c
-27
0
1
40d
-29
-1
1
40e
-31
-3
1
40f
-39
-12
1
410
10
8
1
41f
-35
-10
0
420
11
7
1
42f
-34
-11
0
430
14
7
1
43f
-33
-12
0
440
15
6
1
44f
-31
-12
0
450
17
6
1
45f
-29
-14
0
460
19
5
1
46f
-27
-15
0
470
19
4
1
47f
-26
-16
0
480
21
4
1
48f
-24
-17
0
490
23
2
1
49f
-22
-16
0
4a0
25
1
1
4af
-21
-17
0
4b0
26
0
1
4bf
-18
-18
0
4c0
27
0
1
4cf
-17
-19
0
4d0
29
-1
1
4df
-15
-19
0
4ef
-14
-19
0
4f0
33
-6
1
4f1
35
-10
0
4f2
35
-11
0
4f3
33
-11
0
4f4
31
-13
0
4f5
30
-14
0
4f6
27
-15
0
4f7
25
-16
0
4f8
24
-17
0
4f9
22
-16
0
4fa
20
-17
0
4fb
18
-18
0
4fc
17
-18
0
4fd
16
-19
0
4fe
13
-19
0
4ff
-6
-21
0
500
1
10
1
501
-9
9
1
502
-12
8
1
503
-14
9
1
504
-16
8
1
505
-18
7
1
506
-19
6
1
507
-21
5
1
508
-23
5
1
509
-24
3
1
50a
-26
3
1
50b
-27
3
1
50c
-29
1
1
50d
-30
0
1
50e
-32
-2
1
50f
-37
-6
0
510
9
9
1
51f
-36
-8
0
520
11
8
1
52f
-34
-8
0
530
13
8
1
53f
-31
-10
0
540
15
7
1
54f
-30
-10
0
550
18
7
1
55f
-29
-11
0
560
19
6
1
56f
-27
-13
0
570
20
5
1
57f
-26
-13
0
580
23
5
1
58f
-23
-15
0
590
24
5
1
59f
-21
-15
0
5a0
25
3
1
5af
-20
-16
0
5b0
26
2
1
5bf
-18
-16
0
5c0
28
2
1
5cf
-16
-17
0
5d0
31
0
1
5df
-15
-18
0
5ef
-14
-18
0
5f0
34
-2
1
5f1
36
-8
0
5f2
34
-9
0
5f3
31
-10
0
5f4
31
-11
0
5f5
29
-11
0
5f6
27
-13
0
5f7
25
-13
0
5f8
23
-14
0
5f9
21
-15
0
5fa
21
-16
0
5fb
18
-17
0
5fc
16
-17
0
5fd
14
-17
0
5fe
13
-18
0
5ff
11
-19
0
600
0
12
1
601
-11
10
1
602
-12
11
1
603
-14
10
1
604
-16
10
1
605
-18
8
1
606
-20
8
1
607
-21
7
1
608
-23
6
1
609
-24
6
1
60a
-27
5
1
60b
-27
4
1
60c
-29
3
1
60d
-31
1
1
60e
-32
0
1
60f
-37
-4
0
610
10
11
1
61f
-34
-7
0
620
13
10
1
62f
-33
-6
0
630
14
10
1
63f
-31
-9
0
640
17
10
1
64f
-29
-9
0
650
18
9
1
65f
-28
-11
0
660
20
7
1
66f
-26
-11
0
670
21
7
1
67f
-25
-12
0
680
23
7
1
68f
-24
-13
0
690
25
6
1
69f
-21
-13
0
6a0
27
5
1
6af
-19
-14
0
6b0
28
3
1
6bf
-17
-14
0
6c0
30
3
1
6cf
-17
-15
0
6d0
30
2
1
6df
-15
-16
0
6ef
-12
-17
0
6f0
37
-4
0
6f1
35
-5
0
6f2
32
-7
0
6f3
32
-8
0
6f4
29
-10
0
6f5
28
-10
0
6f6
27
-11
0
6f7
24
-12
0
6f8
24
-13
0
6f9
21
-13
0
6fa
20
-13
0
6fb
18
-14
0
6fc
16
-16
0
6fd
14
-16
0
6fe
13
-15
0
6ff
-10
-17
0
700
-8
13
1
701
-12
12
1
702
-14
12
1
703
-15
12
1
704
-17
11
1
705
-18
11
1
706
-21
10
1
707
-22
10
1
708
-23
9
1
709
-26
7
1
70a
-27
7
1
70b
-28
6
1
70c
-31
5
1
70d
-31
4
1
70e
-33
2
1
70f
-36
0
1
710
12
13
1
71f
-34
-3
0
720
13
12
1
72f
-33
-5
0
730
15
11
1
73f
-31
-6
0
740
16
11
1
74f
-29
-8
0
750
19
11
1
75f
-27
-8
0
760
21
10
1
76f
-26
-8
0
770
22
10
1
77f
-24
-11
0
780
23
8
1
78f
-22
-11
0
790
26
7
1
79f
-21
-11
0
7a0
27
7
1
7af
-19
-13
0
7b0
28
5
1
7bf
-17
-13
0
7c0
30
5
1
7cf
-16
-13
0
7d0
31
3
1
7df
-14
-14
0
7e0
33
3
1
7ef
-11
-14
0
7f0
37
-2
1
7f1
34
-4
0
7f2
32
-5
0
7f3
31
-6
0
7f4
29
-7
0
7f5
28
-8
0
7f6
25
-9
0
7f7
25
-10
0
7f8
22
-11
0
7f9
21
-12
0
7fa
19
-13
0
7fb
17
-12
0
7fc
16
-13
0
7fd
13
-14
0
7fe
12
-15
0
7ff
-5
-15
0
800
-11
15
1
801
-12
14
1
802
-14
13
1
803
-16
14
1
804
-17
12
1
805
-19
12
1
806
-22
12
1
807
-23
11
1
808
-24
10
1
809
-25
9
1
80a
-27
9
1
80b
-29
7
1
80c
-30
7
1
80d
-33
5
1
80e
-34
5
1
80f
-35
4
1
8e0
34
3
1
9e0
35
6
1
810
13
15
1
81f
-32
-2
0
820
13
14
1
82f
-32
-4
0
830
16
14
1
83f
-30
-5
0
840
18
12
1
84f
-29
-5
0
850
20
12
1
85f
-27
-7
0
860
21
12
1
86f
-25
-8
0
870
22
11
1
87f
-24
-9
0
880
25
10
1
88f
-22
-8
0
890
26
9
1
89f
-20
-10
0
8a0
28
8
1
8af
-19
-11
0
8b0
29
7
1
8bf
-16
-11
0
8c0
31
7
1
8cf
-16
-12
0
8d0
33
5
1
8df
-13
-13
0
8ef
-11
-12
0
8f0
35
4
1
8f1
33
-2
0
8f2
31
-3
0
8f3
30
-4
0
8f4
29
-6
0
8f5
26
-7
0
8f6
24
-7
0
8f7
24
-8
0
8f8
22
-9
0
8f9
20
-10
0
8fa
18
-10
0
8fb
17
-11
0
8fc
15
-11
0
8fd
13
-12
0
8fe
11
-13
0
8ff
-9
-12
0
900
6
17
1
901
-12
16
1
902
-14
16
1
903
-16
16
1
904
-17
14
1
905
-20
14
1
906
-21
14
1
907
-24
13
1
908
-24
12
1
909
-26
12
1
90a
-28
10
1
90b
-29
9
1
90c
-31
8
1
90d
-33
7
1
90e
-34
7
1
90f
-40
8
0
910
13
16
1
91f
-32
0
0
920
15
16
1
92f
-31
-2
0
930
16
15
1
93f
-29
-3
0
940
19
15
1
94f
-28
-3
0
950
20
13
1
95f
-26
-4
0
960
21
14
1
96f
-24
-6
0
970
23
13
1
97f
-22
-7
0
980
24
12
1
98f
-21
-7
0
990
27
10
1
99f
-19
-8
0
9a0
29
10
1
9af
-18
-8
0
9b0
30
8
1
9bf
-15
-9
0
9c0
31
9
1
9cf
-15
-10
0
9d0
32
7
1
9df
-13
-10
0
9ef
-10
-10
0
9f0
38
5
0
9f1
33
-1
0
9f2
31
-2
0
9f3
29
-2
0
9f4
28
-3
0
9f5
27
-5
0
9f6
24
-5
0
9f7
22
-6
0
9f8
21
-8
0
9f9
19
-9
0
9fa
18
-9
0
9fb
16
-10
0
9fc
15
-10
0
9fd
12
-11
0
9fe
10
-11
0
9ff
0
-11
0
a00
-12
19
1
a01
-14
18
1
a02
-14
17
1
a03
-16
17
1
a04
-19
16
1
a05
-20
15
1
a06
-22
15
1
a07
-23
15
1
a08
-25
13
1
a09
-27
12
1
a0a
-29
11
1
a0b
-30
12
1
a0c
-32
10
1
a0d
-34
8
1
a0e
-35
8
1
a0f
-37
7
1
a10
14
18
1
a1f
-32
1
0
a20
15
17
1
a2f
-30
-1
0
a30
16
17
1
a3f
-29
-1
0
a40
19
16
1
a4f
-27
-1
0
a50
20
15
1
a5f
-26
-3
0
a60
21
15
1
a6f
-24
-4
0
a70
24
14
1
a7f
-22
-5
0
a80
26
14
1
a8f
-20
-5
0
a90
28
13
1
a9f
-18
-6
0
aa0
29
12
1
aaf
-17
-7
0
ab0
30
12
1
abf
-15
-8
0
ac0
32
10
1
acf
-13
-9
0
ad0
33
9
1
adf
-11
-8
0
ae0
36
8
1
aef
-10
-9
0
af0
37
7
1
af1
31
1
0
af2
30
1
0
af3
28
-2
0
af4
26
-2
0
af5
26
-3
0
af6
24
-3
0
af7
22
-4
0
af8
21
-5
0
af9
19
-6
0
afa
17
-7
0
afb
15
-7
0
afc
13
-9
0
afd
11
-9
0
afe
10
-9
0
aff
-3
-9
0
b00
-7
20
1
b01
-14
19
1
b02
-15
19
1
b03
-17
18
1
b04
-19
19
1
b05
-20
17
1
b06
-22
17
1
b07
-25
16
1
b08
-26
16
1
b09
-28
15
1
b0a
-29
13
1
b0b
-31
13
1
b0c
-33
12
1
b0d
-35
11
1
b0e
-35
10
1
b0f
-31
4
0
b10
14
20
1
b1f
-30
2
0
b20
15
19
1
b2f
-29
1
0
b30
17
19
1
b3f
-27
1
0
b40
19
19
1
b4f
-26
0
0
b50
20
17
1
b5f
-25
-2
0
b60
23
16
1
b6f
-22
-2
0
b70
24
16
1
b7f
-21
-3
0
b80
26
15
1
b8f
-20
-3
0
b90
27
14
1
b9f
-18
-4
0
ba0
29
14
1
baf
-17
-6
0
bb0
30
13
1
bbf
-14
-6
0
bc0
33
11
1
bcf
-12
-6
0
bd0
34
10
1
bdf
-11
-7
0
be0
35
10
1
bef
-10
-8
0
bf0
37
8
1
bf1
30
2
0
bf2
29
1
0
bf3
28
0
0
bf4
26
0
0
bf5
24
-2
0
bf6
22
-2
0
bf7
21
-3
0
bf8
20
-3
0
bf9
17
-5
0
bfa
16
-6
0
bfb
14
-7
0
bfc
12
-7
0
bfd
11
-6
0
bfe
10
-8
0
bff
5
-7
0
c00
4
23
1
c01
-13
21
1
c02
-16
20
1
c03
-17
20
1
c04
-19
20
1
c05
-21
20
1
c06
-23
18
1
c07
-25
18
1
c08
-27
17
1
c09
-28
17
1
c0a
-30
15
1
c0b
-31
15
1
c0c
-33
14
1
c0d
-35
12
1
c0e
-38
13
0
c0f
-37
11
0
c10
14
22
1
c1f
-30
5
0
c20
16
21
1
c2f
-28
2
0
c30
17
21
1
c3f
-27
2
0
c40
19
20
1
c4f
-25
2
0
c50
21
19
1
c5f
-23
0
0
c60
23
18
1
c6f
-23
-1
0
c70
25
17
1
c7f
-20
-1
0
c80
26
18
1
c8f
-19
-3
0
c90
28
17
1
c9f
-17
-3
0
ca0
30
16
1
caf
-15
-4
0
cb0
32
15
1
cbf
-13
-4
0
cc0
33
14
1
ccf
-11
-5
0
cd0
35
12
1
cdf
-10
-6
0
ce0
37
13
0
cef
-9
-6
0
cf0
32
6
0
cf1
29
4
0
cf2
29
3
0
cf3
26
2
0
cf4
25
1
0
cf5
24
0
0
cf6
23
-1
0
cf7
20
-2
0
cf8
18
-2
0
cf9
17
-4
0
cfa
15
-3
0
cfb
13
-4
0
cfc
11
-5
0
cfd
10
-5
0
cfe
8
-5
0
cff
6
-5
0
d00
-12
24
1
d01
-15
23
1
d02
-16
22
1
d03
-18
23
1
d04
-19
22
1
d05
-22
21
1
d06
-23
20
1
d07
-25
19
1
d08
-27
19
1
d09
-28
18
1
d0a
-29
17
1
d0b
-32
16
1
d0c
-33
16
1
d0d
-37
15
0
d0e
-36
13
1
d0f
-32
9
0
d10
14
24
1
d1f
-29
6
0
d20
16
22
1
d2f
-27
5
0
d30
17
23
1
d3f
-26
5
0
d40
20
21
1
d4f
-24
2
0
d50
21
22
1
d5f
-22
2
0
d60
24
21
1
d6f
-21
1
0
d70
24
20
1
d7f
-19
0
0
d80
27
19
1
d8f
-18
-1
0
d90
28
18
1
d9f
-17
-2
0
da0
29
17
1
daf
-14
-2
0
db0
31
17
1
dbf
-12
-3
0
dc0
34
15
1
dcf
-11
-3
0
dd0
35
15
1
ddf
-10
-4
0
de0
36
14
1
def
-7
-3
0
df0
33
11
0
df1
28
6
0
df2
27
5
0
df3
25
4
0
df4
24
2
0
df5
23
1
0
df6
22
1
0
df7
19
0
0
df8
18
-1
0
df9
15
-1
0
dfa
14
-2
0
dfb
13
-3
0
dfc
11
-4
0
dfd
8
-3
0
dfe
7
-4
0
dff
2
-4
0
e00
-7
27
1
e01
-15
24
1
e02
-17
25
1
e03
-18
24
1
e04
-20
23
1
e05
-21
24
1
e06
-23
22
1
e07
-26
22
1
e08
-27
21
1
e09
-29
21
1
e0a
-31
18
1
e0b
-32
18
1
e0c
-33
17
1
e0d
-35
17
1
e0e
-34
14
0
e0f
-29
10
0
e10
15
24
1
e1f
-28
7
0
e20
17
25
1
e2f
-27
6
0
e30
18
24
1
e3f
-25
5
0
e40
19
24
1
e4f
-24
4
0
e50
21
23
1
e5f
-21
3
0
e60
24
23
1
e6f
-21
2
0
e70
26
22
1
e7f
-18
2
0
e80
27
21
1
e8f
-17
0
0
e90
29
20
1
e9f
-16
0
0
ea0
30
20
1
eaf
-13
0
0
eb0
32
18
1
ebf
-11
-2
0
ec0
33
17
1
ecf
-10
-1
0
ed0
35
16
1
edf
-7
-2
0
ee0
33
14
0
eef
-6
-3
0
ef0
31
10
0
ef1
28
8
0
ef2
26
6
0
ef3
25
6
0
ef4
23
5
0
ef5
22
4
0
ef6
20
3
0
ef7
18
2
0
ef8
17
0
0
ef9
15
0
0
efa
13
-1
0
efb
11
-2
0
efc
10
-1
0
efd
8
-2
0
efe
5
-2
0
eff
1
-3
0
f00
-12
36
1
f01
-13
36
1
f02
-17
27
1
f03
-22
34
0
f04
-24
32
0
f05
-18
30
0
f06
-27
29
0
f07
-25
26
1
f08
-28
26
1
f09
-18
23
0
f0a
-30
22
0
f0b
-29
19
0
f0c
-24
17
0
f0d
-34
16
0
f0e
-31
14
0
f0f
-30
12
0
f10
2
33
0
f11
-1
32
0
f12
-3
31
0
f13
-5
30
0
f14
-6
29
0
f15
-8
28
0
f16
-10
27
0
f17
-11
25
0
f18
-14
23
0
f19
-14
22
0
f1a
-18
20
0
f1b
-18
19
0
f1c
-21
17
0
f1d
-21
16
0
f1e
-23
14
0
f1f
-25
12
0
f20
16
35
1
f21
3
31
0
f22
0
30
0
f23
-2
28
0
f24
-5
28
0
f25
-5
27
0
f26
-7
25
0
f27
-9
24
0
f28
-11
22
0
f29
-13
22
0
f2a
-16
20
0
f2b
-16
19
0
f2c
-18
16
0
f2d
-21
15
0
f2e
-22
13
0
f2f
-25
9
0
f30
10
32
0
f31
4
30
0
f32
1
29
0
f33
1
28
0
f34
-3
27
0
f35
-3
26
0
f36
-5
24
0
f37
-8
23
0
f38
-8
22
0
f39
-10
21
0
f3a
-12
19
0
f3b
-15
18
0
f3c
-16
17
0
f3d
-18
15
0
f3e
-19
14
0
f3f
-20
12
0
f40
17
31
0
f41
6
28
0
f42
3
28
0
f43
1
27
0
f44
0
25
0
f45
-1
25
0
f46
-4
24
0
f47
-6
22
0
f48
-8
21
0
f49
-10
20
0
f4a
-11
19
0
f4b
-12
17
0
f4c
-14
16
0
f4d
-16
14
0
f4e
-17
12
0
f4f
-19
10
0
f50
22
25
1
f51
8
28
0
f52
6
26
0
f53
3
26
0
f54
2
25
0
f55
0
24
0
f56
-2
23
0
f57
-3
22
0
f58
-6
20
0
f59
-7
19
0
f5a
-9
18
0
f5b
-11
16
0
f5c
-12
16
0
f5d
-13
13
0
f5e
-14
12
0
f5f
-21
4
0
f60
18
28
0
f61
10
26
0
f62
9
25
0
f63
7
24
0
f64
3
24
0
f65
3
23
0
f66
0
22
0
f67
-1
21
0
f68
-4
20
0
f69
-5
18
0
f6a
-7
16
0
f6b
-9
16
0
f6c
-10
15
0
f6d
-11
13
0
f6e
-13
12
0
f6f
-18
4
0
f70
18
26
0
f71
13
25
0
f72
10
24
0
f73
8
24
0
f74
6
23
0
f75
3
21
0
f76
1
21
0
f77
-1
19
0
f78
-1
18
0
f79
-3
18
0
f7a
-6
16
0
f7b
-6
15
0
f7c
-9
13
0
f7d
-10
13
0
f7e
-12
11
0
f7f
-14
9
0
f80
15
24
0
f81
13
23
0
f82
12
22
0
f83
9
22
0
f84
7
21
0
f85
5
20
0
f86
3
19
0
f87
1
18
0
f88
1
17
0
f89
-2
17
0
f8a
-3
15
0
f8b
-6
14
0
f8c
-7
12
0
f8d
-8
11
0
f8e
-8
10
0
f8f
-11
8
0
f90
28
24
0
f91
14
22
0
f92
15
21
0
f93
11
20
0
f94
10
20
0
f95
6
19
0
f96
4
18
0
f97
3
18
0
f98
2
17
0
f99
0
15
0
f9a
-3
14
0
f9b
-2
13
0
f9c
-5
11
0
f9d
-6
11
0
f9e
-8
9
0
f9f
-14
3
0
fa0
19
20
0
fa1
17
20
0
fa2
14
20
0
fa3
12
19
0
fa4
11
19
0
fa5
9
17
0
fa6
7
16
0
fa7
4
16
0
fa8
2
15
0
fa9
1
14
0
faa
0
13
0
fab
-1
12
0
fac
-3
10
0
fad
-4
10
0
fae
-5
8
0
faf
-9
6
0
fb0
22
20
0
fb1
18
19
0
fb2
17
18
0
fb3
14
17
0
fb4
12
17
0
fb5
11
17
0
fb6
9
15
0
fb7
6
15
0
fb8
4
14
0
fb9
3
12
0
fba
2
11
0
fbb
1
11
0
fbc
-2
9
0
fbd
-2
8
0
fbe
-5
7
0
fbf
-5
6
0
fc0
22
17
0
fc1
19
18
0
fc2
18
16
0
fc3
15
17
0
fc4
13
16
0
fc5
12
15
0
fc6
11
14
0
fc7
8
14
0
fc8
6
12
0
fc9
5
11
0
fca
3
11
0
fcb
1
9
0
fcc
1
8
0
fcd
-2
7
0
fce
-4
6
0
fcf
-5
3
0
fd0
33
16
0
fd1
23
15
0
fd2
20
15
0
fd3
17
14
0
fd4
16
14
0
fd5
14
13
0
fd6
11
13
0
fd7
11
12
0
fd8
7
11
0
fd9
7
10
0
fda
5
9
0
fdb
4
8
0
fdc
2
7
0
fdd
0
7
0
fde
-1
4
0
fdf
-6
0
0
fe0
29
14
0
fe1
22
14
0
fe2
21
13
0
fe3
20
13
0
fe4
17
13
0
fe5
14
12
0
fe6
14
11
0
fe7
10
11
0
fe8
9
10
0
fe9
7
9
0
fea
6
8
0
feb
4
7
0
fec
4
6
0
fed
2
5
0
fee
0
4
0
fef
-2
3
0
ff0
26
13
0
ff1
25
11
0
ff2
25
8
0
ff3
22
8
0
ff4
23
6
0
ff5
21
6
0
ff6
17
6
0
ff7
15
6
0
ff8
12
8
0
ff9
10
6
0
ffa
10
4
0
ffb
9
2
0
ffc
5
5
0
ffd
4
2
0
ffe
2
1
0
fff
-3
-1
0